00
00
00
00
00
00
00
00
00
00
00
00
00
00
00
00
03
03
03
03
03
03
03
03
ff
03
7f
28
00
15
15
15
66
00
0d
42
00
0f
04
08
00
20
00
00
00
00
11
11
11
00
07
00
3f
00
00
00
00
00
00
00
00
00
00
3f
dd
0d
00
00
00
00
00
00
00
00
00
00
00
00
00
00
00
11
11
11
00
00
00
3f
dd
0d
00
00
00
00
00
00
00
00
00
00
00
00
00
00
00
11
11
11
00
00
00
3f
dd
0d
00
00
00
00
00
00
00
00
00
00
00
00
00
00
00
11
11
11
00
00
00
3f
dd
0d
00
00
00
00
00
00
00
00
00
00
00
00
00
00
00
11
11
11
00
00
00
3f
dd
0d
00
00
00
00
00
00
00
00
00
00
00
00
00
00
00
11
11
11
00
00
00
00
00
70
00
00
00
00
00
00
00
00
00
00
00
00
00
00
00
00
00
00
00
00
00
00
00
70
00
00
00
00
00
00
00
00
00
00
00
00
00
00
00
00
00
00
00
00
00
dd
0d
70
00
00
00
00
00
00
00
00
3f
3f
38
00
00
00
07
00
00
00
00
00
73
00
00
03
00
00
03
00
00
03
80
00
03
00
00
88
88
88
88
20
00
00
00
00
00
00
00
00
00
00
00
00
00
00
00
00
00
00
00
ff
ff
ff
40
40
40
2a
2a
2a
00
00
ff
ff
ff
40
40
40
2a
2a
2a
00
00
00
00
00
00
00
11
11
11
11
11
00
00
88
88
08
00
08
03
00
00
03
00
00
03
00
00
03
80
00
03
00
00
03
00
00
03
00
00
03
00
00
03
80
00
03
00
00
00
00
00
aa
